29 2891
29.005 2888
29.01 2886.77
29.015 2885.82
29.02 2885.03
29.025 2884.33
29.03 2883.71
29.035 2883.13
29.04 2882.6
29.045 2882.1
29.05 2881.63
29.055 2881.19
29.06 2880.76
29.065 2880.36
29.07 2879.97
29.075 2879.6
29.08 2879.24
29.085 2878.9
29.09 2878.56
29.095 2878.24
29.1 2877.92
29.105 2877.62
29.11 2877.32
29.115 2877.03
29.12 2876.75
29.125 2876.48
29.13 2876.21
29.135 2875.95
29.14 2875.69
29.145 2875.44
29.15 2875.2
29.155 2874.96
29.16 2874.72
29.165 2874.49
29.17 2874.27
29.175 2874.05
29.18 2873.83
29.185 2873.62
29.19 2873.41
29.195 2873.2
29.2 2873
29.205 2872.8
29.21 2872.61
29.215 2872.42
29.22 2872.23
29.225 2872.04
29.23 2871.86
29.235 2871.68
29.24 2871.5
29.245 2871.33
29.25 2871.16
29.255 2870.99
29.26 2870.82
29.265 2870.66
29.27 2870.5
29.275 2870.34
29.28 2870.18
29.285 2870.03
29.29 2869.87
29.295 2869.72
29.3 2869.58
29.305 2869.43
29.31 2869.29
29.315 2869.14
29.32 2869
29.325 2868.87
29.33 2868.73
29.335 2868.59
29.34 2868.46
29.345 2868.33
29.35 2868.2
29.355 2868.07
29.36 2867.95
29.365 2867.82
29.37 2867.7
29.375 2867.58
29.38 2867.46
29.385 2867.34
29.39 2867.23
29.395 2867.11
29.4 2867
29.405 2866.89
29.41 2866.78
29.415 2866.67
29.42 2866.56
29.425 2866.46
29.43 2866.35
29.435 2866.25
29.44 2866.15
29.445 2866.04
29.45 2865.95
29.455 2865.85
29.46 2865.75
29.465 2865.65
29.47 2865.56
29.475 2865.47
29.48 2865.38
29.485 2865.28
29.49 2865.19
29.495 2865.11
29.5 2865.02
29.505 2864.93
29.51 2864.85
29.515 2864.76
29.52 2864.68
29.525 2864.6
29.53 2864.52
29.535 2864.44
29.54 2864.36
29.545 2864.29
29.55 2864.21
29.555 2864.13
29.56 2864.06
29.565 2863.99
29.57 2863.92
29.575 2863.84
29.58 2863.77
29.585 2863.71
29.59 2863.64
29.595 2863.57
29.6 2863.5
29.605 2863.44
29.61 2863.38
29.615 2863.31
29.62 2863.25
29.625 2863.19
29.63 2863.13
29.635 2863.07
29.64 2863.01
29.645 2862.95
29.65 2862.9
29.655 2862.84
29.66 2862.79
29.665 2862.73
29.67 2862.68
29.675 2862.63
29.68 2862.58
29.685 2862.53
29.69 2862.48
29.695 2862.43
29.7 2862.38
29.705 2862.34
29.71 2862.29
29.715 2862.24
29.72 2862.2
29.725 2862.16
29.73 2862.11
29.735 2862.07
29.74 2862.03
29.745 2861.99
29.75 2861.95
29.755 2861.91
29.76 2861.88
29.765 2861.84
29.77 2861.8
29.775 2861.77
29.78 2861.74
29.785 2861.7
29.79 2861.67
29.795 2861.64
29.8 2861.61
29.805 2861.58
29.81 2861.55
29.815 2861.52
29.82 2861.49
29.825 2861.46
29.83 2861.44
29.835 2861.41
29.84 2861.39
29.845 2861.36
29.85 2861.34
29.855 2861.32
29.86 2861.3
29.865 2861.27
29.87 2861.25
29.875 2861.24
29.88 2861.22
29.885 2861.2
29.89 2861.18
29.895 2861.17
29.9 2861.15
29.905 2861.14
29.91 2861.12
29.915 2861.11
29.92 2861.1
29.925 2861.08
29.93 2861.07
29.935 2861.06
29.94 2861.05
29.945 2861.05
29.95 2861.04
29.955 2861.03
29.96 2861.02
29.965 2861.02
29.97 2861.01
29.975 2861.01
29.98 2861.01
29.985 2861
29.99 2861
29.995 2861
30 2861
30.005 2861
30.01 2861
30.015 2861
30.02 2861.01
30.025 2861.01
30.03 2861.01
30.035 2861.02
30.04 2861.02
30.045 2861.03
30.05 2861.04
30.055 2861.05
30.06 2861.05
30.065 2861.06
30.07 2861.07
30.075 2861.08
30.08 2861.1
30.085 2861.11
30.09 2861.12
30.095 2861.14
30.1 2861.15
30.105 2861.17
30.11 2861.18
30.115 2861.2
30.12 2861.22
30.125 2861.24
30.13 2861.25
30.135 2861.27
30.14 2861.3
30.145 2861.32
30.15 2861.34
30.155 2861.36
30.16 2861.39
30.165 2861.41
30.17 2861.44
30.175 2861.46
30.18 2861.49
30.185 2861.52
30.19 2861.55
30.195 2861.58
30.2 2861.61
30.205 2861.64
30.21 2861.67
30.215 2861.7
30.22 2861.74
30.225 2861.77
30.23 2861.8
30.235 2861.84
30.24 2861.88
30.245 2861.91
30.25 2861.95
30.255 2861.99
30.26 2862.03
30.265 2862.07
30.27 2862.11
30.275 2862.16
30.28 2862.2
30.285 2862.24
30.29 2862.29
30.295 2862.34
30.3 2862.38
30.305 2862.43
30.31 2862.48
30.315 2862.53
30.32 2862.58
30.325 2862.63
30.33 2862.68
30.335 2862.73
30.34 2862.79
30.345 2862.84
30.35 2862.9
30.355 2862.95
30.36 2863.01
30.365 2863.07
30.37 2863.13
30.375 2863.19
30.38 2863.25
30.385 2863.31
30.39 2863.38
30.395 2863.44
30.4 2863.5
30.405 2863.57
30.41 2863.64
30.415 2863.71
30.42 2863.77
30.425 2863.84
30.43 2863.92
30.435 2863.99
30.44 2864.06
30.445 2864.13
30.45 2864.21
30.455 2864.29
30.46 2864.36
30.465 2864.44
30.47 2864.52
30.475 2864.6
30.48 2864.68
30.485 2864.76
30.49 2864.85
30.495 2864.93
30.5 2865.02
30.505 2865.11
30.51 2865.19
30.515 2865.28
30.52 2865.38
30.525 2865.47
30.53 2865.56
30.535 2865.65
30.54 2865.75
30.545 2865.85
30.55 2865.95
30.555 2866.04
30.56 2866.15
30.565 2866.25
30.57 2866.35
30.575 2866.46
30.58 2866.56
30.585 2866.67
30.59 2866.78
30.595 2866.89
30.6 2867
30.605 2867.11
30.61 2867.23
30.615 2867.34
30.62 2867.46
30.625 2867.58
30.63 2867.7
30.635 2867.82
30.64 2867.95
30.645 2868.07
30.65 2868.2
30.655 2868.33
30.66 2868.46
30.665 2868.59
30.67 2868.73
30.675 2868.87
30.68 2869
30.685 2869.14
30.69 2869.29
30.695 2869.43
30.7 2869.58
30.705 2869.72
30.71 2869.87
30.715 2870.03
30.72 2870.18
30.725 2870.34
30.73 2870.5
30.735 2870.66
30.74 2870.82
30.745 2870.99
30.75 2871.16
30.755 2871.33
30.76 2871.5
30.765 2871.68
30.77 2871.86
30.775 2872.04
30.78 2872.23
30.785 2872.42
30.79 2872.61
30.795 2872.8
30.8 2873
30.805 2873.2
30.81 2873.41
30.815 2873.62
30.82 2873.83
30.825 2874.05
30.83 2874.27
30.835 2874.49
30.84 2874.72
30.845 2874.96
30.85 2875.2
30.855 2875.44
30.86 2875.69
30.865 2875.95
30.87 2876.21
30.875 2876.48
30.88 2876.75
30.885 2877.03
30.89 2877.32
30.895 2877.62
30.9 2877.92
30.905 2878.24
30.91 2878.56
30.915 2878.9
30.92 2879.24
30.925 2879.6
30.93 2879.97
30.935 2880.36
30.94 2880.76
30.945 2881.19
30.95 2881.63
30.955 2882.1
30.96 2882.6
30.965 2883.13
30.97 2883.71
30.975 2884.33
30.98 2885.03
30.985 2885.82
30.99 2886.77
30.995 2888
31 2891
