29 2876
29.005 2875.9
29.01 2875.79
29.015 2875.69
29.02 2875.58
29.025 2875.48
29.03 2875.37
29.035 2875.27
29.04 2875.16
29.045 2875.06
29.05 2874.95
29.055 2874.85
29.06 2874.74
29.065 2874.63
29.07 2874.53
29.075 2874.42
29.08 2874.31
29.085 2874.21
29.09 2874.1
29.095 2874
29.1 2873.89
29.105 2873.78
29.11 2873.67
29.115 2873.57
29.12 2873.46
29.125 2873.35
29.13 2873.25
29.135 2873.14
29.14 2873.03
29.145 2872.93
29.15 2872.82
29.155 2872.71
29.16 2872.6
29.165 2872.5
29.17 2872.39
29.175 2872.28
29.18 2872.18
29.185 2872.07
29.19 2871.96
29.195 2871.86
29.2 2871.75
29.205 2871.64
29.21 2871.54
29.215 2871.43
29.22 2871.32
29.225 2871.22
29.23 2871.11
29.235 2871
29.24 2870.9
29.245 2870.79
29.25 2870.69
29.255 2870.58
29.26 2870.48
29.265 2870.37
29.27 2870.27
29.275 2870.16
29.28 2870.06
29.285 2869.95
29.29 2869.85
29.295 2869.74
29.3 2869.64
29.305 2869.54
29.31 2869.43
29.315 2869.33
29.32 2869.23
29.325 2869.12
29.33 2869.02
29.335 2868.92
29.34 2868.82
29.345 2868.72
29.35 2868.62
29.355 2868.52
29.36 2868.42
29.365 2868.32
29.37 2868.22
29.375 2868.12
29.38 2868.02
29.385 2867.92
29.39 2867.82
29.395 2867.72
29.4 2867.63
29.405 2867.53
29.41 2867.43
29.415 2867.34
29.42 2867.24
29.425 2867.14
29.43 2867.05
29.435 2866.95
29.44 2866.86
29.445 2866.77
29.45 2866.67
29.455 2866.58
29.46 2866.49
29.465 2866.4
29.47 2866.31
29.475 2866.22
29.48 2866.13
29.485 2866.04
29.49 2865.95
29.495 2865.86
29.5 2865.77
29.505 2865.69
29.51 2865.6
29.515 2865.51
29.52 2865.43
29.525 2865.34
29.53 2865.26
29.535 2865.18
29.54 2865.09
29.545 2865.01
29.55 2864.93
29.555 2864.85
29.56 2864.77
29.565 2864.69
29.57 2864.61
29.575 2864.53
29.58 2864.45
29.585 2864.38
29.59 2864.3
29.595 2864.22
29.6 2864.15
29.605 2864.08
29.61 2864
29.615 2863.93
29.62 2863.86
29.625 2863.79
29.63 2863.72
29.635 2863.65
29.64 2863.58
29.645 2863.51
29.65 2863.44
29.655 2863.38
29.66 2863.31
29.665 2863.25
29.67 2863.18
29.675 2863.12
29.68 2863.06
29.685 2862.99
29.69 2862.93
29.695 2862.87
29.7 2862.81
29.705 2862.76
29.71 2862.7
29.715 2862.64
29.72 2862.59
29.725 2862.53
29.73 2862.48
29.735 2862.43
29.74 2862.37
29.745 2862.32
29.75 2862.27
29.755 2862.22
29.76 2862.17
29.765 2862.13
29.77 2862.08
29.775 2862.03
29.78 2861.99
29.785 2861.95
29.79 2861.9
29.795 2861.86
29.8 2861.82
29.805 2861.78
29.81 2861.74
29.815 2861.7
29.82 2861.67
29.825 2861.63
29.83 2861.59
29.835 2861.56
29.84 2861.53
29.845 2861.5
29.85 2861.46
29.855 2861.43
29.86 2861.4
29.865 2861.38
29.87 2861.35
29.875 2861.32
29.88 2861.3
29.885 2861.27
29.89 2861.25
29.895 2861.23
29.9 2861.21
29.905 2861.19
29.91 2861.17
29.915 2861.15
29.92 2861.13
29.925 2861.12
29.93 2861.1
29.935 2861.09
29.94 2861.07
29.945 2861.06
29.95 2861.05
29.955 2861.04
29.96 2861.03
29.965 2861.03
29.97 2861.02
29.975 2861.01
29.98 2861.01
29.985 2861
29.99 2861
29.995 2861
30 2861
30.005 2861
30.01 2861
30.015 2861
30.02 2861.01
30.025 2861.01
30.03 2861.02
30.035 2861.03
30.04 2861.03
30.045 2861.04
30.05 2861.05
30.055 2861.06
30.06 2861.07
30.065 2861.09
30.07 2861.1
30.075 2861.12
30.08 2861.13
30.085 2861.15
30.09 2861.17
30.095 2861.19
30.1 2861.21
30.105 2861.23
30.11 2861.25
30.115 2861.27
30.12 2861.3
30.125 2861.32
30.13 2861.35
30.135 2861.38
30.14 2861.4
30.145 2861.43
30.15 2861.46
30.155 2861.5
30.16 2861.53
30.165 2861.56
30.17 2861.59
30.175 2861.63
30.18 2861.67
30.185 2861.7
30.19 2861.74
30.195 2861.78
30.2 2861.82
30.205 2861.86
30.21 2861.9
30.215 2861.95
30.22 2861.99
30.225 2862.03
30.23 2862.08
30.235 2862.13
30.24 2862.17
30.245 2862.22
30.25 2862.27
30.255 2862.32
30.26 2862.37
30.265 2862.43
30.27 2862.48
30.275 2862.53
30.28 2862.59
30.285 2862.64
30.29 2862.7
30.295 2862.76
30.3 2862.81
30.305 2862.87
30.31 2862.93
30.315 2862.99
30.32 2863.06
30.325 2863.12
30.33 2863.18
30.335 2863.25
30.34 2863.31
30.345 2863.38
30.35 2863.44
30.355 2863.51
30.36 2863.58
30.365 2863.65
30.37 2863.72
30.375 2863.79
30.38 2863.86
30.385 2863.93
30.39 2864
30.395 2864.08
30.4 2864.15
30.405 2864.22
30.41 2864.3
30.415 2864.38
30.42 2864.45
30.425 2864.53
30.43 2864.61
30.435 2864.69
30.44 2864.77
30.445 2864.85
30.45 2864.93
30.455 2865.01
30.46 2865.09
30.465 2865.18
30.47 2865.26
30.475 2865.34
30.48 2865.43
30.485 2865.51
30.49 2865.6
30.495 2865.69
30.5 2865.77
30.505 2865.86
30.51 2865.95
30.515 2866.04
30.52 2866.13
30.525 2866.22
30.53 2866.31
30.535 2866.4
30.54 2866.49
30.545 2866.58
30.55 2866.67
30.555 2866.77
30.56 2866.86
30.565 2866.95
30.57 2867.05
30.575 2867.14
30.58 2867.24
30.585 2867.34
30.59 2867.43
30.595 2867.53
30.6 2867.63
30.605 2867.72
30.61 2867.82
30.615 2867.92
30.62 2868.02
30.625 2868.12
30.63 2868.22
30.635 2868.32
30.64 2868.42
30.645 2868.52
30.65 2868.62
30.655 2868.72
30.66 2868.82
30.665 2868.92
30.67 2869.02
30.675 2869.12
30.68 2869.23
30.685 2869.33
30.69 2869.43
30.695 2869.54
30.7 2869.64
30.705 2869.74
30.71 2869.85
30.715 2869.95
30.72 2870.06
30.725 2870.16
30.73 2870.27
30.735 2870.37
30.74 2870.48
30.745 2870.58
30.75 2870.69
30.755 2870.79
30.76 2870.9
30.765 2871
30.77 2871.11
30.775 2871.22
30.78 2871.32
30.785 2871.43
30.79 2871.54
30.795 2871.64
30.8 2871.75
30.805 2871.86
30.81 2871.96
30.815 2872.07
30.82 2872.18
30.825 2872.28
30.83 2872.39
30.835 2872.5
30.84 2872.6
30.845 2872.71
30.85 2872.82
30.855 2872.93
30.86 2873.03
30.865 2873.14
30.87 2873.25
30.875 2873.35
30.88 2873.46
30.885 2873.57
30.89 2873.67
30.895 2873.78
30.9 2873.89
30.905 2874
30.91 2874.1
30.915 2874.21
30.92 2874.31
30.925 2874.42
30.93 2874.53
30.935 2874.63
30.94 2874.74
30.945 2874.85
30.95 2874.95
30.955 2875.06
30.96 2875.16
30.965 2875.27
30.97 2875.37
30.975 2875.48
30.98 2875.58
30.985 2875.69
30.99 2875.79
30.995 2875.9
31 2891
29 2891
