29 2891
29.005 2891
29.01 2891
29.015 2891
29.02 2891
29.025 2891
29.03 2890.98
29.035 2890.95
29.04 2890.88
29.045 2890.76
29.05 2890.58
29.055 2890.34
29.06 2890.03
29.065 2889.67
29.07 2889.25
29.075 2888.78
29.08 2888.27
29.085 2887.72
29.09 2887.15
29.095 2886.55
29.1 2885.93
29.105 2885.3
29.11 2884.66
29.115 2884.01
29.12 2883.36
29.125 2882.71
29.13 2882.06
29.135 2881.41
29.14 2880.78
29.145 2880.14
29.15 2879.52
29.155 2878.91
29.16 2878.31
29.165 2877.71
29.17 2877.13
29.175 2876.57
29.18 2876.01
29.185 2875.46
29.19 2874.93
29.195 2874.41
29.2 2873.91
29.205 2873.41
29.21 2872.93
29.215 2872.46
29.22 2872
29.225 2871.56
29.23 2871.12
29.235 2870.7
29.24 2870.29
29.245 2869.89
29.25 2869.5
29.255 2869.13
29.26 2868.76
29.265 2868.41
29.27 2868.06
29.275 2867.73
29.28 2867.4
29.285 2867.09
29.29 2866.78
29.295 2866.49
29.3 2866.2
29.305 2865.93
29.31 2865.66
29.315 2865.4
29.32 2865.15
29.325 2864.91
29.33 2864.68
29.335 2864.45
29.34 2864.23
29.345 2864.03
29.35 2863.83
29.355 2863.63
29.36 2863.45
29.365 2863.27
29.37 2863.1
29.375 2862.93
29.38 2862.78
29.385 2862.63
29.39 2862.49
29.395 2862.35
29.4 2862.22
29.405 2862.1
29.41 2861.99
29.415 2861.88
29.42 2861.78
29.425 2861.68
29.43 2861.59
29.435 2861.51
29.44 2861.44
29.445 2861.37
29.45 2861.3
29.455 2861.24
29.46 2861.19
29.465 2861.15
29.47 2861.11
29.475 2861.08
29.48 2861.05
29.485 2861.03
29.49 2861.01
29.495 2861
29.5 2861
29.505 2861
29.51 2861
29.515 2861
29.52 2861
29.525 2861
29.53 2861
29.535 2861
29.54 2861
29.545 2861
29.55 2861
29.555 2861
29.56 2861
29.565 2861
29.57 2861
29.575 2861
29.58 2861
29.585 2861
29.59 2861
29.595 2861
29.6 2861
29.605 2861
29.61 2861
29.615 2861
29.62 2861
29.625 2861
29.63 2861
29.635 2861
29.64 2861
29.645 2861
29.65 2861
29.655 2861
29.66 2861
29.665 2861
29.67 2861
29.675 2861
29.68 2861
29.685 2861
29.69 2861
29.695 2861
29.7 2861
29.705 2861
29.71 2861
29.715 2861
29.72 2861
29.725 2861
29.73 2861
29.735 2861
29.74 2861
29.745 2861
29.75 2861
29.755 2861
29.76 2861
29.765 2861
29.77 2861
29.775 2861
29.78 2861
29.785 2861
29.79 2861
29.795 2861
29.8 2861
29.805 2861
29.81 2861
29.815 2861
29.82 2861
29.825 2861
29.83 2861
29.835 2861
29.84 2861
29.845 2861
29.85 2861
29.855 2861
29.86 2861
29.865 2861
29.87 2861
29.875 2861
29.88 2861
29.885 2861
29.89 2861
29.895 2861
29.9 2861
29.905 2861
29.91 2861
29.915 2861
29.92 2861
29.925 2861
29.93 2861
29.935 2861
29.94 2861
29.945 2861
29.95 2861
29.955 2861
29.96 2861
29.965 2861
29.97 2861
29.975 2861
29.98 2861
29.985 2861
29.99 2861
29.995 2861
30 2861
30.005 2861
30.01 2861
30.015 2861
30.02 2861
30.025 2861
30.03 2861
30.035 2861
30.04 2861
30.045 2861
30.05 2861
30.055 2861
30.06 2861
30.065 2861
30.07 2861
30.075 2861
30.08 2861
30.085 2861
30.09 2861
30.095 2861
30.1 2861
30.105 2861
30.11 2861
30.115 2861
30.12 2861
30.125 2861
30.13 2861
30.135 2861
30.14 2861
30.145 2861
30.15 2861
30.155 2861
30.16 2861
30.165 2861
30.17 2861
30.175 2861
30.18 2861
30.185 2861
30.19 2861
30.195 2861
30.2 2861
30.205 2861
30.21 2861
30.215 2861
30.22 2861
30.225 2861
30.23 2861
30.235 2861
30.24 2861
30.245 2861
30.25 2861
30.255 2861
30.26 2861
30.265 2861
30.27 2861
30.275 2861
30.28 2861
30.285 2861
30.29 2861
30.295 2861
30.3 2861
30.305 2861
30.31 2861
30.315 2861
30.32 2861
30.325 2861
30.33 2861
30.335 2861
30.34 2861
30.345 2861
30.35 2861
30.355 2861
30.36 2861
30.365 2861
30.37 2861
30.375 2861
30.38 2861
30.385 2861
30.39 2861
30.395 2861
30.4 2861
30.405 2861
30.41 2861
30.415 2861
30.42 2861
30.425 2861
30.43 2861
30.435 2861
30.44 2861
30.445 2861
30.45 2861
30.455 2861
30.46 2861
30.465 2861
30.47 2861
30.475 2861
30.48 2861
30.485 2861
30.49 2861
30.495 2861
30.5 2861
30.505 2861
30.51 2861.01
30.515 2861.03
30.52 2861.05
30.525 2861.08
30.53 2861.11
30.535 2861.15
30.54 2861.19
30.545 2861.24
30.55 2861.3
30.555 2861.37
30.56 2861.44
30.565 2861.51
30.57 2861.59
30.575 2861.68
30.58 2861.78
30.585 2861.88
30.59 2861.99
30.595 2862.1
30.6 2862.22
30.605 2862.35
30.61 2862.49
30.615 2862.63
30.62 2862.78
30.625 2862.93
30.63 2863.1
30.635 2863.27
30.64 2863.45
30.645 2863.63
30.65 2863.83
30.655 2864.03
30.66 2864.23
30.665 2864.45
30.67 2864.68
30.675 2864.91
30.68 2865.15
30.685 2865.4
30.69 2865.66
30.695 2865.93
30.7 2866.2
30.705 2866.49
30.71 2866.78
30.715 2867.09
30.72 2867.4
30.725 2867.73
30.73 2868.06
30.735 2868.41
30.74 2868.76
30.745 2869.13
30.75 2869.5
30.755 2869.89
30.76 2870.29
30.765 2870.7
30.77 2871.12
30.775 2871.56
30.78 2872
30.785 2872.46
30.79 2872.93
30.795 2873.41
30.8 2873.91
30.805 2874.41
30.81 2874.93
30.815 2875.46
30.82 2876.01
30.825 2876.57
30.83 2877.13
30.835 2877.71
30.84 2878.31
30.845 2878.91
30.85 2879.52
30.855 2880.14
30.86 2880.78
30.865 2881.41
30.87 2882.06
30.875 2882.71
30.88 2883.36
30.885 2884.01
30.89 2884.66
30.895 2885.3
30.9 2885.93
30.905 2886.55
30.91 2887.15
30.915 2887.72
30.92 2888.27
30.925 2888.78
30.93 2889.25
30.935 2889.67
30.94 2890.03
30.945 2890.34
30.95 2890.58
30.955 2890.76
30.96 2890.88
30.965 2890.95
30.97 2890.98
30.975 2891
30.98 2891
30.985 2891
30.99 2891
30.995 2891
31 2891
