28 2891
28.005 2890.7
28.01 2890.4
28.015 2890.1
28.02 2889.8
28.025 2889.5
28.03 2889.2
28.035 2888.9
28.04 2888.6
28.045 2888.3
28.05 2888
28.055 2887.7
28.06 2887.4
28.065 2887.1
28.07 2886.8
28.075 2886.5
28.08 2886.2
28.085 2885.9
28.09 2885.6
28.095 2885.3
28.1 2885
28.105 2884.7
28.11 2884.4
28.115 2884.1
28.12 2883.8
28.125 2883.5
28.13 2883.2
28.135 2882.9
28.14 2882.6
28.145 2882.3
28.15 2882
28.155 2881.7
28.16 2881.4
28.165 2881.1
28.17 2880.8
28.175 2880.5
28.18 2880.2
28.185 2879.9
28.19 2879.6
28.195 2879.3
28.2 2879
28.205 2878.7
28.21 2878.4
28.215 2878.1
28.22 2877.8
28.225 2877.5
28.23 2877.2
28.235 2876.9
28.24 2876.6
28.245 2876.3
28.25 2876
28.255 2875.7
28.26 2875.4
28.265 2875.1
28.27 2874.8
28.275 2874.5
28.28 2874.2
28.285 2873.9
28.29 2873.6
28.295 2873.3
28.3 2873
28.305 2872.7
28.31 2872.4
28.315 2872.1
28.32 2871.8
28.325 2871.5
28.33 2871.2
28.335 2870.9
28.34 2870.6
28.345 2870.3
28.35 2870
28.355 2869.7
28.36 2869.4
28.365 2869.1
28.37 2868.8
28.375 2868.5
28.38 2868.2
28.385 2867.9
28.39 2867.6
28.395 2867.3
28.4 2867
28.405 2866.7
28.41 2866.4
28.415 2866.1
28.42 2865.8
28.425 2865.5
28.43 2865.2
28.435 2864.9
28.44 2864.6
28.445 2864.3
28.45 2864
28.455 2863.7
28.46 2863.4
28.465 2863.1
28.47 2862.8
28.475 2862.5
28.48 2862.2
28.485 2861.9
28.49 2861.6
28.495 2861.3
28.5 2861
28.505 2861
28.51 2861
28.515 2861
28.52 2861
28.525 2861
28.53 2861
28.535 2861
28.54 2861
28.545 2861
28.55 2861
28.555 2861
28.56 2861
28.565 2861
28.57 2861
28.575 2861
28.58 2861
28.585 2861
28.59 2861
28.595 2861
28.6 2861
28.605 2861
28.61 2861
28.615 2861
28.62 2861
28.625 2861
28.63 2861
28.635 2861
28.64 2861
28.645 2861
28.65 2861
28.655 2861
28.66 2861
28.665 2861
28.67 2861
28.675 2861
28.68 2861
28.685 2861
28.69 2861
28.695 2861
28.7 2861
28.705 2861
28.71 2861
28.715 2861
28.72 2861
28.725 2861
28.73 2861
28.735 2861
28.74 2861
28.745 2861
28.75 2861
28.755 2861
28.76 2861
28.765 2861
28.77 2861
28.775 2861
28.78 2861
28.785 2861
28.79 2861
28.795 2861
28.8 2861
28.805 2861
28.81 2861
28.815 2861
28.82 2861
28.825 2861
28.83 2861
28.835 2861
28.84 2861
28.845 2861
28.85 2861
28.855 2861
28.86 2861
28.865 2861
28.87 2861
28.875 2861
28.88 2861
28.885 2861
28.89 2861
28.895 2861
28.9 2861
28.905 2861
28.91 2861
28.915 2861
28.92 2861
28.925 2861
28.93 2861
28.935 2861
28.94 2861
28.945 2861
28.95 2861
28.955 2861
28.96 2861
28.965 2861
28.97 2861
28.975 2861
28.98 2861
28.985 2861
28.99 2861
28.995 2861
29 2861
29.005 2861
29.01 2861
29.015 2861
29.02 2861
29.025 2861
29.03 2861
29.035 2861
29.04 2861
29.045 2861
29.05 2861
29.055 2861
29.06 2861
29.065 2861
29.07 2861
29.075 2861
29.08 2861
29.085 2861
29.09 2861
29.095 2861
29.1 2861
29.105 2861
29.11 2861
29.115 2861
29.12 2861
29.125 2861
29.13 2861
29.135 2861
29.14 2861
29.145 2861
29.15 2861
29.155 2861
29.16 2861
29.165 2861
29.17 2861
29.175 2861
29.18 2861
29.185 2861
29.19 2861
29.195 2861
29.2 2861
29.205 2861
29.21 2861
29.215 2861
29.22 2861
29.225 2861
29.23 2861
29.235 2861
29.24 2861
29.245 2861
29.25 2861
29.255 2861
29.26 2861
29.265 2861
29.27 2861
29.275 2861
29.28 2861
29.285 2861
29.29 2861
29.295 2861
29.3 2861
29.305 2861
29.31 2861
29.315 2861
29.32 2861
29.325 2861
29.33 2861
29.335 2861
29.34 2861
29.345 2861
29.35 2861
29.355 2861
29.36 2861
29.365 2861
29.37 2861
29.375 2861
29.38 2861
29.385 2861
29.39 2861
29.395 2861
29.4 2861
29.405 2861
29.41 2861
29.415 2861
29.42 2861
29.425 2861
29.43 2861
29.435 2861
29.44 2861
29.445 2861
29.45 2861
29.455 2861
29.46 2861
29.465 2861
29.47 2861
29.475 2861
29.48 2861
29.485 2861
29.49 2861
29.495 2861
29.5 2861
29.505 2861
29.51 2861
29.515 2861
29.52 2861
29.525 2861
29.53 2861
29.535 2861
29.54 2861
29.545 2861
29.55 2861
29.555 2861
29.56 2861
29.565 2861
29.57 2861
29.575 2861
29.58 2861
29.585 2861
29.59 2861
29.595 2861
29.6 2861
29.605 2861
29.61 2861
29.615 2861
29.62 2861
29.625 2861
29.63 2861
29.635 2861
29.64 2861
29.645 2861
29.65 2861
29.655 2861
29.66 2861
29.665 2861
29.67 2861
29.675 2861
29.68 2861
29.685 2861
29.69 2861
29.695 2861
29.7 2861
29.705 2861
29.71 2861
29.715 2861
29.72 2861
29.725 2861
29.73 2861
29.735 2861
29.74 2861
29.745 2861
29.75 2861
29.755 2861
29.76 2861
29.765 2861
29.77 2861
29.775 2861
29.78 2861
29.785 2861
29.79 2861
29.795 2861
29.8 2861
29.805 2861
29.81 2861
29.815 2861
29.82 2861
29.825 2861
29.83 2861
29.835 2861
29.84 2861
29.845 2861
29.85 2861
29.855 2861
29.86 2861
29.865 2861
29.87 2861
29.875 2861
29.88 2861
29.885 2861
29.89 2861
29.895 2861
29.9 2861
29.905 2861
29.91 2861
29.915 2861
29.92 2861
29.925 2861
29.93 2861
29.935 2861
29.94 2861
29.945 2861
29.95 2861
29.955 2861
29.96 2861
29.965 2861
29.97 2861
29.975 2861
29.98 2861
29.985 2861
29.99 2861
29.995 2861
30 2861
30.005 2861
30.01 2861
30.015 2861
30.02 2861
30.025 2861
30.03 2861
30.035 2861
30.04 2861
30.045 2861
30.05 2861
30.055 2861
30.06 2861
30.065 2861
30.07 2861
30.075 2861
30.08 2861
30.085 2861
30.09 2861
30.095 2861
30.1 2861
30.105 2861
30.11 2861
30.115 2861
30.12 2861
30.125 2861
30.13 2861
30.135 2861
30.14 2861
30.145 2861
30.15 2861
30.155 2861
30.16 2861
30.165 2861
30.17 2861
30.175 2861
30.18 2861
30.185 2861
30.19 2861
30.195 2861
30.2 2861
30.205 2861
30.21 2861
30.215 2861
30.22 2861
30.225 2861
30.23 2861
30.235 2861
30.24 2861
30.245 2861
30.25 2861
30.255 2861
30.26 2861
30.265 2861
30.27 2861
30.275 2861
30.28 2861
30.285 2861
30.29 2861
30.295 2861
30.3 2861
30.305 2861
30.31 2861
30.315 2861
30.32 2861
30.325 2861
30.33 2861
30.335 2861
30.34 2861
30.345 2861
30.35 2861
30.355 2861
30.36 2861
30.365 2861
30.37 2861
30.375 2861
30.38 2861
30.385 2861
30.39 2861
30.395 2861
30.4 2861
30.405 2861
30.41 2861
30.415 2861
30.42 2861
30.425 2861
30.43 2861
30.435 2861
30.44 2861
30.445 2861
30.45 2861
30.455 2861
30.46 2861
30.465 2861
30.47 2861
30.475 2861
30.48 2861
30.485 2861
30.49 2861
30.495 2861
30.5 2861
30.505 2861
30.51 2861
30.515 2861
30.52 2861
30.525 2861
30.53 2861
30.535 2861
30.54 2861
30.545 2861
30.55 2861
30.555 2861
30.56 2861
30.565 2861
30.57 2861
30.575 2861
30.58 2861
30.585 2861
30.59 2861
30.595 2861
30.6 2861
30.605 2861
30.61 2861
30.615 2861
30.62 2861
30.625 2861
30.63 2861
30.635 2861
30.64 2861
30.645 2861
30.65 2861
30.655 2861
30.66 2861
30.665 2861
30.67 2861
30.675 2861
30.68 2861
30.685 2861
30.69 2861
30.695 2861
30.7 2861
30.705 2861
30.71 2861
30.715 2861
30.72 2861
30.725 2861
30.73 2861
30.735 2861
30.74 2861
30.745 2861
30.75 2861
30.755 2861
30.76 2861
30.765 2861
30.77 2861
30.775 2861
30.78 2861
30.785 2861
30.79 2861
30.795 2861
30.8 2861
30.805 2861
30.81 2861
30.815 2861
30.82 2861
30.825 2861
30.83 2861
30.835 2861
30.84 2861
30.845 2861
30.85 2861
30.855 2861
30.86 2861
30.865 2861
30.87 2861
30.875 2861
30.88 2861
30.885 2861
30.89 2861
30.895 2861
30.9 2861
30.905 2861
30.91 2861
30.915 2861
30.92 2861
30.925 2861
30.93 2861
30.935 2861
30.94 2861
30.945 2861
30.95 2861
30.955 2861
30.96 2861
30.965 2861
30.97 2861
30.975 2861
30.98 2861
30.985 2861
30.99 2861
30.995 2861
31 2861
31.005 2861
31.01 2861
31.015 2861
31.02 2861
31.025 2861
31.03 2861
31.035 2861
31.04 2861
31.045 2861
31.05 2861
31.055 2861
31.06 2861
31.065 2861
31.07 2861
31.075 2861
31.08 2861
31.085 2861
31.09 2861
31.095 2861
31.1 2861
31.105 2861
31.11 2861
31.115 2861
31.12 2861
31.125 2861
31.13 2861
31.135 2861
31.14 2861
31.145 2861
31.15 2861
31.155 2861
31.16 2861
31.165 2861
31.17 2861
31.175 2861
31.18 2861
31.185 2861
31.19 2861
31.195 2861
31.2 2861
31.205 2861
31.21 2861
31.215 2861
31.22 2861
31.225 2861
31.23 2861
31.235 2861
31.24 2861
31.245 2861
31.25 2861
31.255 2861
31.26 2861
31.265 2861
31.27 2861
31.275 2861
31.28 2861
31.285 2861
31.29 2861
31.295 2861
31.3 2861
31.305 2861
31.31 2861
31.315 2861
31.32 2861
31.325 2861
31.33 2861
31.335 2861
31.34 2861
31.345 2861
31.35 2861
31.355 2861
31.36 2861
31.365 2861
31.37 2861
31.375 2861
31.38 2861
31.385 2861
31.39 2861
31.395 2861
31.4 2861
31.405 2861
31.41 2861
31.415 2861
31.42 2861
31.425 2861
31.43 2861
31.435 2861
31.44 2861
31.445 2861
31.45 2861
31.455 2861
31.46 2861
31.465 2861
31.47 2861
31.475 2861
31.48 2861
31.485 2861
31.49 2861
31.495 2861
31.5 2861
31.505 2861.3
31.51 2861.6
31.515 2861.9
31.52 2862.2
31.525 2862.5
31.53 2862.8
31.535 2863.1
31.54 2863.4
31.545 2863.7
31.55 2864
31.555 2864.3
31.56 2864.6
31.565 2864.9
31.57 2865.2
31.575 2865.5
31.58 2865.8
31.585 2866.1
31.59 2866.4
31.595 2866.7
31.6 2867
31.605 2867.3
31.61 2867.6
31.615 2867.9
31.62 2868.2
31.625 2868.5
31.63 2868.8
31.635 2869.1
31.64 2869.4
31.645 2869.7
31.65 2870
31.655 2870.3
31.66 2870.6
31.665 2870.9
31.67 2871.2
31.675 2871.5
31.68 2871.8
31.685 2872.1
31.69 2872.4
31.695 2872.7
31.7 2873
31.705 2873.3
31.71 2873.6
31.715 2873.9
31.72 2874.2
31.725 2874.5
31.73 2874.8
31.735 2875.1
31.74 2875.4
31.745 2875.7
31.75 2876
31.755 2876.3
31.76 2876.6
31.765 2876.9
31.77 2877.2
31.775 2877.5
31.78 2877.8
31.785 2878.1
31.79 2878.4
31.795 2878.7
31.8 2879
31.805 2879.3
31.81 2879.6
31.815 2879.9
31.82 2880.2
31.825 2880.5
31.83 2880.8
31.835 2881.1
31.84 2881.4
31.845 2881.7
31.85 2882
31.855 2882.3
31.86 2882.6
31.865 2882.9
31.87 2883.2
31.875 2883.5
31.88 2883.8
31.885 2884.1
31.89 2884.4
31.895 2884.7
31.9 2885
31.905 2885.3
31.91 2885.6
31.915 2885.9
31.92 2886.2
31.925 2886.5
31.93 2886.8
31.935 2887.1
31.94 2887.4
31.945 2887.7
31.95 2888
31.955 2888.3
31.96 2888.6
31.965 2888.9
31.97 2889.2
31.975 2889.5
31.98 2889.8
31.985 2890.1
31.99 2890.4
31.995 2890.7
32 2891
